0,936,587,1210,701,606,746,1887,2135,2178
936,0,850,1765,1603,1258,190,2578,2693,2485
587,850,0,917,939,1189,712,1730,1854,1733
1210,1765,917,0,878,1724,1627,833,948,1020
701,1603,939,878,0,967,1417,1301,1642,1889
606,1258,1189,1724,967,0,1092,2267,2590,2731
746,190,712,1627,1417,1092,0,2427,2566,2402
1887,2578,1730,833,1301,2267,2427,0,458,1064
2135,2693,1854,948,1642,2590,2566,458,0,679
2178,2485,1733,1020,1889,2731,2402,1064,679,0
